TTFB: 0.030311s
Total: 2.043986s
Size: 209715200 bytes
Speed: 102601094/s
HTTP: 200
