TTFB: 0.050688s
Total: 1.212425s
Size: 209715200 bytes
Speed: 172971688/s
HTTP: 200
